image: map2d.pgm
resolution: 0.050000
origin: [-17.124996, -16.118326, 0.000000]
negate: 0
occupied_thresh: 0.65
free_thresh: 0.196

